"Acer kawakamii"	"Acer palmatum var. pubescens"	"Callicarpa randaiensis"	"Camellia brevistyla"	"Carpinus rankanensis"	"Cleyera japonica"	"Daphniphyllum himalayense subsp. macropodum"	"Dendropanax dentiger"	"Euonymus spraguei"	"Eurya crenatifolia"	"Eurya glaberrima"	"Eurya loquaiana"	"Hydrangea angustipetala"	"Ilex hayatana"	"Ilex lonicerifolia var. matsudae"	"Ilex sugerokii var. brevipedunculata"	"Ilex tugitakayamensis"	"Itea parviflora"	"Ligustrum liukiuense"	"Lindera erythrocarpa"	"Litsea acuminata"	"Litsea elongata var. mushaensis"	"Michelia compressa"	"Microtropis fokienensis"	"Neolitsea aciculata"	"Neolitsea acuminatissima"	"Osmanthus heterophyllus"	"Photinia niitakayamensis"	"Pourthiaea beauverdiana var. notabilis"	"Pourthiaea villosa var. parvifolia"	"Prunus phaeosticta"	"Prunus transarisanensis"	"Quercus longinux"	"Quercus sessilifolia"	"Quercus stenophylloides"	"Rhamnus crenata"	"Rhododendron formosanum"	"Schima superba"	"Skimmia japonica subsp. distincte-venulosa"	"Sorbus randaiensis"	"Styrax formosanus"	"Sycopsis sinensis"	"Symplocos formosana"	"Symplocos macrostroma"	"Trochodendron aralioides"	"Viburnum foetidum var. rectangulatum"	"Viburnum luzonicum"	"Viburnum sympodiale"
"LP00"	0	0	0	0	0	0.0406059209574856	0.0286384429715594	0.054417768536322	0	0	0	0	0	0	0	0	0	0	0.0166500406176436	0	0	0.0364691145824273	0	0	0.0265088213017797	0.0821380183077295	0.03962251767878	0	0	0	0	0	0.0241395357865936	0	0	0	0.615622385241816	0	0	0	0	0	0	0	0.0351874340178627	0	0	0
"LP02"	0	0.0265297361334539	0	0	0	0	0.0612883362386706	0	0	0	0	0	0	0.0267541424077012	0	0	0	0	0.0264527153359368	0	0.0287890128606215	0.0285988380519373	0	0.0264764871870223	0.0384575001341233	0.0539827709630692	0	0	0	0	0	0	0.212947040920014	0	0	0	0.4340881137942	0	0	0	0	0	0	0.0356353059732506	0	0	0	0
"LP04"	0	0	0.0237268349025183	0	0.0241316162792706	0.218122715594897	0	0.0414752591464445	0	0.182279099387721	0	0	0	0	0	0	0	0	0	0	0.0459608976684142	0.0532758754054385	0	0	0	0.0532758754054385	0	0	0	0	0.193360834435405	0	0	0.0242183551457175	0	0	0	0	0	0	0	0	0	0.104025622135458	0.0361470144932761	0	0	0
"LP06"	0	0.0746864350052558	0	0.241873589021153	0	0.0536391482841734	0.0573041936772877	0.049157103188844	0	0	0	0	0	0	0	0	0	0	0	0	0	0	0	0	0	0.0453355298153988	0	0	0	0	0	0	0	0	0	0	0.0947026095632233	0	0	0	0	0.129872092460951	0	0	0.253429298983713	0	0	0
"LP08"	0	0	0	0.0227957727027571	0	0.0430489544375152	0.0196374138875774	0.0310106665461875	0	0.0703292011285988	0.0551171469864396	0	0	0.0251482283021188	0	0	0	0	0.0137921042105328	0	0	0.0194087847538211	0.0349726944162692	0	0	0.212317574555191	0	0	0	0	0.0149717411742783	0.0445818205167796	0	0.168697535488819	0	0	0.0975151000316589	0	0	0	0	0.0878281258352245	0.0133638900349307	0.0254632449913008	0	0	0	0
"LP20"	0	0	0	0	0	0	0.014893221584131	0.053305817689976	0	0.0516928174816214	0.0257598856477098	0	0	0.055230650621749	0.0128890321184837	0	0	0	0.0259070623030451	0	0	0	0	0	0	0.0267698461162699	0.0130054450073831	0	0	0	0.033628767678454	0	0	0.431726238477347	0	0	0.188276213660166	0	0	0	0	0	0	0	0.0533844750473405	0	0	0.013530526566323
"LP22"	0	0.0191627545756975	0	0.033605962606206	0	0.0170929976469497	0	0.0768088929072342	0	0.0337241946888294	0	0	0	0	0	0	0	0	0	0	0	0	0	0	0	0.0934588679857658	0.0362321058061226	0	0	0	0	0	0.0179526144359055	0.227808533574434	0	0	0.0870546301770004	0	0	0	0	0	0	0	0.338953877896396	0	0.0181445676994587	0
"LP24"	0	0	0	0	0	0	0	0	0	0.109267996561344	0	0	0.119070727575676	0	0	0	0	0	0.0371276201934818	0	0	0.074362665016909	0	0	0	0.0365531319550776	0	0	0	0	0	0	0	0	0	0	0.431323500799213	0	0	0	0	0	0	0.0388566896719959	0.153437668226303	0	0	0
"LP26"	0	0.0508920092253426	0	0.0336040093693155	0	0.064591760595162	0	0	0	0.0214985159713051	0	0	0	0	0	0	0.0211102043585037	0	0.0436552928049527	0	0	0	0	0	0	0	0	0	0	0	0	0	0	0.411047223122053	0	0	0.202994913879268	0	0	0.0347904017121704	0	0	0	0.0687432685732006	0.0470724003887269	0	0	0
"LP28"	0.0534843620877811	0.0134050654147937	0	0.0191529319022917	0	0.075845599256187	0.161696120804542	0	0	0.0688806596840733	0.109116371248368	0	0	0	0.0113146489307226	0	0.0248447216435702	0	0.0112606491010298	0	0	0	0	0	0	0	0	0	0	0	0	0.0740672510186699	0	0	0	0	0.173741175123986	0	0	0	0	0	0	0	0.203190443783985	0	0	0
"LP40"	0	0.039187378877054	0	0.0354636414671217	0	0	0	0	0	0.018333329600731	0.0393683167755094	0	0	0.0356406601331195	0	0	0	0	0	0.0285971462015546	0	0	0.0321649541487129	0	0	0.105886276564931	0.0926484157342626	0	0	0	0	0.247187764081616	0.105123892536886	0.0180929500100034	0	0	0.1358034575842	0.0474924190846465	0	0	0	0	0	0	0.0190093971996524	0	0	0
"LP42"	0	0	0	0.01636652280691	0	0.0217173302747761	0.12385713210645	0.0398970745736653	0	0	0.016182884990229	0	0	0	0	0	0	0	0.0373961536919453	0	0	0.0165512376782343	0	0	0.016182884990229	0.0517588163350137	0.0163035151102775	0	0	0	0	0.227534933225044	0.140981484457858	0.0385927614006408	0	0	0.164681672330932	0	0	0	0	0	0	0.0177085328924497	0.054287063135345	0	0	0
"LP44"	0	0.0106167042247388	0.0212517792456271	0.0285286557203938	0	0.0127232221832126	0	0.0105636330358625	0	0	0.0834288444633142	0.0212334084494776	0	0	0	0	0	0	0.021325262430225	0	0	0	0	0	0	0.0223540270145959	0	0	0	0	0	0.0405074354096415	0.223869243477007	0	0	0	0.412546760480199	0	0	0	0	0	0	0.0677427360511225	0.0108249065810996	0	0	0.0124833812334833
"LP46"	0	0	0	0	0	0	0	0	0	0.0852540874394511	0	0	0	0	0	0	0	0	0	0	0	0	0	0	0	0.277441567982866	0	0	0	0	0	0	0	0	0	0	0.0771476957176834	0	0	0	0	0	0	0.200200480655485	0.271881654152191	0	0	0.0880745140523242
"LP48"	0	0	0	0	0	0.0726280124645316	0.164975572968155	0	0	0.0691754411572818	0.115352815245829	0	0	0	0	0	0.0155022082744497	0	0.0357773634729069	0	0	0.0116250113344082	0	0	0	0.140016376837556	0	0.0126326678653494	0	0	0	0.0618511465997881	0	0.0844160734071563	0	0	0.0963273753049232	0	0	0	0	0	0	0.010244148680896	0.100345450645011	0	0.00913033574175685	0
"LP60"	0	0.056831760152204	0	0.0294780699944852	0	0	0	0	0	0.0865072124022225	0.0816460520194055	0	0	0	0	0	0.0122682859732507	0	0.0374194357048136	0	0	0.0337947472943231	0	0	0	0.0273175364239053	0	0	0	0	0.0484547651477721	0	0	0.194401767414358	0	0	0.216244297310605	0	0	0	0	0	0	0.0867100373471996	0.0889260328154558	0	0	0
"LP62"	0	0.0120740111375453	0	0.0120446373037565	0	0.0246263961396521	0.0133370859904664	0.0266196205753248	0	0.112284676809898	0.036841681430182	0	0	0	0.0127104442029707	0	0	0	0	0	0.0128503196019652	0.0157093727574144	0	0	0	0.11430028130941	0	0	0	0	0.0121789176867913	0	0.269254514744932	0.0258810784686335	0	0	0.0245676484720744	0	0	0	0	0	0.0134280049998128	0.0243256640318138	0.236965644337358	0	0	0
"LP64"	0	0.00887381659867391	0	0.00869936990779345	0	0.0228570681434291	0.0394690823838629	0	0	0.0417894445644889	0.077333235550122	0	0	0	0	0	0.0110048778224334	0	0	0	0	0.0135813212569757	0	0	0	0.0179987204293443	0.00912686015028074	0	0	0	0	0.119856496583519	0	0.0980744604735945	0	0	0.207144135140593	0	0	0	0.0587497131878159	0	0	0.0752385186158066	0.182433252635969	0	0.00776962655529867	0
"LP66"	0	0	0	0	0	0.0294365109930727	0.0352371465441422	0	0	0.0564224646729926	0	0	0	0	0	0	0	0	0.0368541525807561	0	0	0.0465580792350233	0	0	0.0179484052163478	0.124148098470521	0	0	0	0.0212110345579264	0	0.0781815622916448	0	0	0	0	0.200599163463141	0	0	0	0	0	0.0342442120759918	0.19481925750509	0.106041059717655	0	0.018298852675695	0
"LP68"	0	0	0	0	0	0.106337268366845	0.0235307429591858	0.0146881100092876	0	0.0535117864298682	0	0	0	0	0	0	0.0142289708112162	0	0.0184181309874222	0	0	0	0	0	0	0.0800729475847753	0.0135046948931318	0	0	0	0	0.171255869901474	0	0.148912687410539	0	0	0.10819932736522	0	0	0	0	0	0	0.0585231523220571	0.17327329669638	0	0	0.0155430142625979
"LP80"	0	0.0138514286595052	0	0.0342199701453679	0.00574699718171529	0.0574300813770975	0	0.00791911073391243	0	0.0736461412547696	0.0776156186283812	0	0	0.0110090717502846	0.00502810712942396	0	0.00656009194547768	0	0.06959946189813	0	0	0.016145545034755	0	0.015104150407995	0	0.00710601597015005	0.0139788366709209	0	0.0100832402006634	0	0	0.0317495516692376	0.0113658141822487	0.218891026874537	0.0764221515384515	0	0.0497725037933027	0	0	0	0	0	0	0.123619701562233	0.0253101656014772	0.00502810712942396	0.0327971086605391	0
"LP82"	0	0	0	0.076369078964427	0	0.016000785555261	0	0.017205441331739	0.0146319232020549	0.0548549068919775	0.0157589927775952	0	0	0	0	0	0.00820798991747506	0.00765709011446348	0.0308055717453577	0	0	0.0323812234674362	0	0	0	0.0153696471690151	0	0	0	0.0279293685704947	0	0.00828176633293214	0.0255368313261846	0.102628636241313	0.00819991220775349	0	0.404803708679882	0	0	0	0.0128478263815492	0	0.0204004849712241	0.0924916490547143	0	0	0.00763716509715025	0
"LP84"	0	0	0	0	0.00503790855191002	0.0527201260961622	0	0.00541672337525586	0	0.0517711131035477	0.0306265900299482	0	0	0	0	0.016813188343476	0.00451795556785412	0	0.0104495509533803	0	0	0.00440052861814334	0	0.00462634967527945	0	0	0.107065903240946	0	0	0.021661247974595	0	0.0450636486782534	0.00434181514328795	0.164768351167262	0	0.00977152322932913	0.322295648807493	0	0.00435479985407328	0	0	0	0.00526937513547454	0.0658721036965662	0.0460179018774502	0	0.00951690998740816	0.00762073689290434
"LP86"	0	0	0	0	0	0	0.011881876300164	0	0	0.118315330670652	0.0988518460374773	0	0	0.0215814989170539	0	0.00848012741182331	0.0436006106905506	0.00859430058398218	0.00937720233592873	0	0	0.0250046552751743	0	0	0	0.0170662727692227	0	0	0	0	0	0.0415944249511876	0	0.0830334758459179	0	0	0.257611833641533	0	0	0	0.063838536028092	0	0.00892050964729325	0.136135944908726	0.0461115539852214	0	0	0
"LP88"	0	0	0	0	0	0.144283990916832	0	0.0158296884542272	0	0.0153845616253365	0	0	0	0	0	0	0	0	0	0	0	0	0	0	0	0.0511653936469435	0	0	0	0	0	0	0	0.151206573254544	0	0	0.448066923851057	0	0	0	0	0	0	0.0785554774254036	0.0955073908256565	0	0	0
